$ 1 0.000005 2.1831051418620846 35 5 50 5e-11
w 224 80 256 80 0
w 256 80 352 80 0
w 352 80 384 80 0
r 224 80 224 144 0 100
r 256 80 256 144 0 500
r 352 80 352 144 0 500
r 384 80 384 144 0 100
c 224 144 256 144 0 0.000009999999999999999 0.5492361234362703 0.001
c 384 144 352 144 0 0.000009999999999999999 -0.3630896633894659 0.001
w 384 144 384 176 0
t 352 192 384 192 0 1 0.685456114086052 0.7192072584950008 100 default
t 256 192 224 192 0 1 -0.8716025741328564 0.3968408077984147 100 default
w 224 144 224 176 0
R 224 16 176 16 0 0 40 3.7 0 0 0.5
g 224 208 224 240 0 0
g 384 208 384 240 0 0
g 560 208 560 224 0 0
t 464 176 496 176 0 1 -2.5664922549312306 -2.046421788464107 100 default
t 512 224 544 224 0 1 0.04408928211859528 0.04408928211859528 100 default
c 496 192 496 224 0 0.00009999999999999999 0.4401768525169818 0.001
c 496 160 544 160 0 0.00009999999999999999 1.0043366011027008 0.001
w 464 176 464 240 2
w 496 224 512 224 0
w 544 160 544 208 0
w 544 208 560 208 0
g 544 240 544 256 0 0
162 464 240 432 240 2 default-led 1 0 0 0.01
162 432 272 464 272 2 default-led 1 0 0 0.01
w 464 240 464 272 0
w 432 240 432 272 0
g 496 368 496 400 0 0
c 384 176 464 176 0 0.00009999999999999999 1.5959067982374786 0.001
w 432 304 432 336 0
w 464 304 464 336 0
162 432 336 464 336 2 default-led 1 0 0 0.01
162 464 304 432 304 2 default-led 1 0 0 0.01
w 464 272 464 304 0
w 432 272 432 304 0
w 432 336 432 368 0
w 464 336 496 336 0
w 432 368 464 368 0
w 464 368 496 368 0
w 496 368 528 368 0
w 496 336 528 336 0
w 528 368 560 368 0
w 528 336 560 336 0
w 560 336 592 336 0
w 560 368 592 368 0
162 464 368 464 336 2 default-led 1 0 0 0.01
162 496 336 496 368 2 default-led 1 0 0 0.01
162 528 368 528 336 2 default-led 1 0 0 0.01
162 560 336 560 368 2 default-led 1 0 0 0.01
162 592 368 592 336 2 default-led 1 1 0 0.01
w 256 144 320 144 0
w 352 144 352 160 0
w 352 160 272 160 0
w 272 160 272 192 0
w 256 192 272 192 0
w 320 144 320 192 0
w 320 192 352 192 0
162 720 192 720 160 2 default-led 1 0 0 0.01
162 688 160 688 192 2 default-led 1 0 0 0.01
162 656 192 656 160 2 default-led 1 0 0 0.01
162 624 160 624 192 2 default-led 1 0 0 0.01
162 624 320 624 288 2 default-led 1 0 0 0.01
w 688 192 720 192 0
w 688 160 720 160 0
w 656 160 688 160 0
w 656 192 688 192 0
w 624 160 656 160 0
w 624 192 656 192 0
w 624 320 656 320 0
w 592 320 624 320 0
w 624 288 656 288 0
w 592 288 592 320 0
w 592 224 592 256 0
w 624 224 624 256 0
162 624 256 592 256 2 default-led 1 0 0 0.01
162 592 288 624 288 2 default-led 1 0 0 0.01
w 624 256 624 288 0
w 592 256 592 288 0
w 592 192 592 224 0
w 624 192 624 224 0
162 592 224 624 224 2 default-led 1 0 0 0.01
w 592 368 688 368 0
w 688 368 688 288 0
w 656 288 688 288 0
w 592 336 656 336 0
w 656 320 656 336 0
w 592 192 592 160 0
w 592 160 624 160 0
i 224 16 224 80 0 0.08
o 31 64 0 4099 2.5 0.025 0 2 31 3
o 28 64 0 4099 2.5 0.0125 1 2 28 3
