$ 1 0.000005 10.20027730826997 50 5 50 5e-11
w 688 112 768 112 0
w 768 112 848 112 0
r 848 112 848 160 0 500
r 688 112 688 160 0 500
t 720 176 688 176 0 1 -2.797037688651942 0.03827941546746714 100 default
t 816 176 848 176 0 1 0.6323547971882859 0.6706342113246371 100 default
r 688 160 752 160 0 500
r 848 160 784 160 0 500
w 752 160 816 176 0
w 784 160 720 176 0
w 688 192 688 208 0
w 688 208 848 208 0
w 848 192 848 208 0
w 688 208 688 320 0
t 752 272 720 272 0 1 -0.038279412351001435 3.093362694725103e-9 100 default
w 688 320 752 320 0
r 752 272 752 320 0 1000
r 752 272 800 272 0 100
r 720 176 720 256 0 100
M 688 160 656 160 0 2.5
g 848 208 848 240 0 0
g 1184 208 1184 240 0 0
r 1056 176 1056 256 0 100
r 1088 272 1136 272 0 100
r 1088 272 1088 320 0 1000
w 1024 320 1088 320 0
w 1024 272 1024 320 0
t 1088 272 1056 272 0 1 0.6726780843466871 0.6905220134792027 100 default
w 1024 208 1024 272 0
w 1184 192 1184 208 0
w 1024 208 1184 208 0
w 1024 192 1024 208 0
w 1120 160 1056 176 0
w 1088 160 1152 176 0
r 1184 160 1120 160 0 500
r 1024 160 1088 160 0 500
t 1152 176 1184 176 0 1 0.632345888533396 0.6708112362446855 100 default
t 1056 176 1024 176 0 1 -2.7327692564420767 0.1026363589410496 100 default
r 1024 112 1024 160 0 500
r 1184 112 1184 160 0 500
w 1104 112 1184 112 0
w 1024 112 1104 112 0
w 800 272 800 368 0
w 1136 272 1136 368 0
w 1008 288 1056 288 0
w 1184 160 1216 160 0
w 1216 160 1216 400 0
w 848 160 880 224 0
w 880 224 880 384 0
w 1216 400 976 400 0
M 880 384 832 384 0 2.5
M 976 400 880 400 0 2.5
w 800 368 848 368 0
t 880 160 912 160 0 1 -4.757919565970042 0.0382794238446388 100 default
r 880 160 848 160 0 2000
r 912 144 912 112 0 50
g 912 176 912 192 0 0
w 848 112 912 112 0
g 976 256 976 272 0 0
r 976 224 976 192 0 50
r 944 240 912 240 0 1000
t 944 240 976 240 0 1 0.6225521644251926 0.7201787962016929 100 default
w 912 240 912 224 0
w 912 224 912 208 0
w 912 208 960 208 0
w 960 208 960 144 0
w 912 144 960 144 0
w 976 192 976 112 0
w 912 112 976 112 0
w 976 224 1008 224 0
w 1008 224 1008 288 0
w 1424 224 1424 288 0
w 1392 224 1424 224 0
w 1328 112 1392 112 0
w 1392 192 1392 112 0
w 1328 144 1376 144 0
w 1376 208 1376 144 0
w 1328 208 1376 208 0
w 1328 224 1328 208 0
w 1328 240 1328 224 0
t 1360 240 1392 240 0 1 0.6310661298567853 0.6700533883067635 100 default
r 1360 240 1328 240 0 1000
r 1392 224 1392 192 0 500
g 1392 256 1392 272 0 0
w 1264 112 1328 112 0
g 1328 176 1328 192 0 0
r 1328 144 1328 112 0 50
r 1296 160 1264 160 0 2000
t 1296 160 1328 160 0 1 -4.755346708214929 0.03846535741436461 100 default
w 1632 160 1632 432 0
w 1600 160 1632 160 0
w 1424 288 1472 288 0
w 1552 272 1552 368 0
w 1440 112 1520 112 0
w 1520 112 1600 112 0
r 1600 112 1600 160 0 500
r 1440 112 1440 160 0 500
t 1472 176 1440 176 0 1 -2.797037688518216 0.03827941559802366 100 default
t 1568 176 1600 176 0 1 0.6323547971886038 0.6706342113182986 100 default
r 1440 160 1504 160 0 500
r 1600 160 1536 160 0 500
w 1504 160 1568 176 0
w 1536 160 1472 176 0
w 1440 192 1440 208 0
w 1440 208 1600 208 0
w 1600 192 1600 208 0
w 1440 208 1440 272 0
t 1504 272 1472 272 0 1 0.007171938195775919 0.006464095348160996 100 default
w 1440 272 1440 320 0
w 1440 320 1504 320 0
r 1504 272 1504 320 0 1000
r 1504 272 1552 272 0 100
r 1472 176 1472 256 0 100
g 1600 208 1600 240 0 0
w 1216 160 1264 160 0
w 1184 112 1264 112 0
w 976 432 1632 432 0
M 976 432 928 432 0 2.5
R 1184 64 1184 48 0 0 40 5 0 0 0.5
w 1184 64 1184 96 0
w 1184 96 1184 112 0
w 1184 96 1440 96 0
w 1184 96 976 96 0
w 1440 96 1440 112 0
w 976 96 976 112 0
s 576 288 720 288 0 0 false
g 576 288 576 320 0 0
w 1008 352 1040 352 0
t 976 368 1008 368 0 1 -2.8778477614279194 3.6889322453082343e-9 100 default
r 976 368 944 368 0 100
r 1008 352 1008 320 0 50
g 1008 384 1008 400 0 0
w 848 368 944 368 0
w 1040 352 1136 368 0
w 1008 320 992 272 0
w 992 272 1008 192 0
w 976 112 1008 192 0
g 1392 384 1392 400 0 0
r 1392 352 1392 320 0 50
r 1360 368 1328 368 0 100
t 1360 368 1392 368 0 1 0.6732459266253717 0.7232424158072721 100 default
w 1392 352 1424 352 0
w 1136 368 1328 368 0
w 1424 352 1488 368 0
w 1488 368 1552 368 0
w 1392 320 1296 320 0
w 1296 320 1248 192 0
w 1248 192 1264 112 0
t 784 384 800 384 0 1 -3.357616958104739e-11 3.3575712829368604e-9 100 default
r 784 384 752 384 0 100
g 800 432 800 480 0 0
s 704 384 752 384 0 1 false
r 800 400 800 432 0 1000
R 704 384 640 384 0 0 40 5 0 0 0.5
